{
  "advancedEditorSelectedIdentifier" : "ProjectBrowser",
  "openSceneRelativePaths" : [
    "Immersive.usda",
    "Gloves.usda",
    "Cactus.usda",
    "Sack.usda"
  ],
  "recentIdentifiers" : {
    "785F2555-D865-43C1-AFB9-2BB0D5AF1F43" : [

    ],
    "AF09ED6F-1707-48FD-8720-65B998362C09" : [

    ]
  },
  "sceneCameraHistory" : {
    "19B9034E-6376-4964-818E-732A73CFDB03" : [
      {
        "date" : 793891445.547591,
        "title" : "Untitled",
        "transform" : [
          -0.57409793,
          1.5773503e-08,
          -0.81878674,
          0,
          -0.58343613,
          0.7016094,
          0.40908027,
          0,
          0.57446826,
          0.71256196,
          -0.40279242,
          0,
          2.1811142,
          2.7054172,
          -1.529304,
          1
        ]
      },
      {
        "date" : 793891430.709404,
        "title" : "Untitled",
        "transform" : [
          1,
          0,
          0,
          0,
          0,
          0.7071069,
          -0.70710677,
          0,
          0,
          0.70710677,
          0.7071069,
          0,
          0,
          3.6400416,
          3.6400425,
          1
        ]
      },
      {
        "date" : 793891428.384434,
        "title" : "Untitled",
        "transform" : [
          1,
          0,
          0,
          0,
          0,
          0.7071069,
          -0.70710677,
          0,
          0,
          0.70710677,
          0.7071069,
          0,
          0,
          4.4670105,
          4.4670115,
          1
        ]
      }
    ],
    "57D23BC3-0CEF-4464-818F-742285DBB88B" : [
      {
        "date" : 793977215.769525,
        "title" : "Untitled",
        "transform" : [
          0.36059123,
          -1.2279386e-08,
          -0.93272394,
          0,
          -0.42776263,
          0.88863426,
          -0.1653731,
          0,
          0.8288504,
          0.45861632,
          0.32043406,
          0,
          0.2585808,
          0.18836516,
          -0.032753926,
          1
        ]
      },
      {
        "date" : 793977143.27012,
        "title" : "Untitled",
        "transform" : [
          0.9826679,
          -1.8845657e-08,
          -0.18537544,
          0,
          -0.049362265,
          0.963895,
          -0.26166725,
          0,
          0.17868218,
          0.26628232,
          0.9471887,
          0,
          0.0808572,
          0.09570614,
          0.43198133,
          1
        ]
      },
      {
        "date" : 793976914.175167,
        "title" : "Untitled",
        "transform" : [
          0.26626655,
          -7.404564e-09,
          0.9638995,
          0,
          -0.96331227,
          0.034899753,
          0.2661043,
          0,
          -0.03363972,
          -0.9993908,
          0.009292311,
          0,
          -0.18967669,
          -0.599984,
          0.16323467,
          1
        ]
      },
      {
        "date" : 793976898.139349,
        "title" : "Untitled",
        "transform" : [
          0.7867334,
          -1.3988497e-08,
          -0.617293,
          0,
          0.33411428,
          0.840857,
          0.42582518,
          0,
          0.51905483,
          -0.54125744,
          0.6615303,
          0,
          0.24776906,
          -0.31800786,
          0.2691768,
          1
        ]
      },
      {
        "date" : 793976692.50225,
        "title" : "Untitled",
        "transform" : [
          0.25363854,
          -3.3540104e-09,
          -0.967299,
          0,
          -0.83488935,
          0.50500906,
          -0.21891896,
          0,
          0.48849487,
          0.8631139,
          0.12809001,
          0,
          0.07910459,
          0.36616778,
          -0.09166493,
          1
        ]
      },
      {
        "date" : 793976430.734924,
        "title" : "Untitled",
        "transform" : [
          0.9788215,
          7.769289e-09,
          -0.20471531,
          0,
          -0.084291734,
          0.9112964,
          -0.40303063,
          0,
          0.18655615,
          0.41175076,
          0.8919967,
          0,
          0.08200671,
          0.1654312,
          0.3923302,
          1
        ]
      },
      {
        "date" : 793975885.668215,
        "title" : "Untitled",
        "transform" : [
          0.97851455,
          8.42733e-09,
          -0.20617796,
          0,
          -0.11819191,
          0.8193792,
          -0.5609352,
          0,
          0.16893776,
          0.5732517,
          0.80177456,
          0,
          0.07093117,
          0.24068849,
          0.3366372,
          1
        ]
      },
      {
        "date" : 793975832.954995,
        "title" : "Untitled",
        "transform" : [
          0.57930064,
          5.939441e-09,
          -0.81511396,
          0,
          -0.6675606,
          0.5738246,
          -0.4744346,
          0,
          0.46773234,
          0.8189782,
          0.33241713,
          0,
          0.19638456,
          0.34386045,
          0.1395703,
          1
        ]
      },
      {
        "date" : 793975818.4684,
        "title" : "Untitled",
        "transform" : [
          0.906185,
          1.0371522e-08,
          -0.4228816,
          0,
          -0.06525209,
          0.9880235,
          -0.13982746,
          0,
          0.41781676,
          0.1543034,
          0.8953321,
          0,
          0.17542678,
          0.064786635,
          0.37591872,
          1
        ]
      },
      {
        "date" : 793975816.702757,
        "title" : "Untitled",
        "transform" : [
          0.43063417,
          9.056606e-09,
          -0.9025266,
          0,
          -0.36512405,
          0.91451246,
          -0.17421636,
          0,
          0.82537174,
          0.40455765,
          0.39382046,
          0,
          0.34654486,
          0.16985968,
          0.16535142,
          1
        ]
      }
    ],
    "785F2555-D865-43C1-AFB9-2BB0D5AF1F43" : [
      {
        "date" : 793977569.9025,
        "title" : "Untitled",
        "transform" : [
          -0.9732203,
          1.0733379e-08,
          -0.22987406,
          0,
          -0.09892592,
          0.9026627,
          0.41882417,
          0,
          0.20749865,
          0.4303487,
          -0.87848973,
          0,
          0.16710806,
          0.3465791,
          -0.7074875,
          1
        ]
      },
      {
        "date" : 793977437.05075,
        "title" : "Untitled",
        "transform" : [
          -0.07755082,
          1.0682531e-08,
          -0.99698836,
          0,
          -0.3632482,
          0.93126386,
          0.028255392,
          0,
          0.9284593,
          0.36434543,
          -0.072220385,
          0,
          0.7477302,
          0.29342368,
          -0.05816231,
          1
        ]
      },
      {
        "date" : 793977410.046793,
        "title" : "Untitled",
        "transform" : [
          0.38154694,
          1.0863658e-08,
          -0.9243494,
          0,
          -0.49720302,
          0.8430118,
          -0.20523211,
          0,
          0.7792377,
          0.537895,
          0.32164854,
          0,
          0.47235414,
          0.3260582,
          0.19497521,
          1
        ]
      },
      {
        "date" : 793977263.681629,
        "title" : "Untitled",
        "transform" : [
          0.9105912,
          4.99303e-09,
          -0.41330835,
          0,
          -0.14236856,
          0.93880063,
          -0.313663,
          0,
          0.3880142,
          0.34446084,
          0.85486364,
          0,
          0.17362157,
          0.15413299,
          0.38251886,
          1
        ]
      },
      {
        "date" : 793977258.019704,
        "title" : "Untitled",
        "transform" : [
          0.58613,
          5.7220486e-09,
          -0.810217,
          0,
          -0.32565907,
          0.91566586,
          -0.2355894,
          0,
          0.74188805,
          0.4019405,
          0.53669924,
          0,
          0.3178624,
          0.17221154,
          0.22994912,
          1
        ]
      }
    ],
    "90DAF06A-ACE3-452E-8AC8-C52F6420F842" : [
      {
        "date" : 794727686.832919,
        "title" : "Untitled",
        "transform" : [
          0.98327833,
          1.8787603e-09,
          0.18210918,
          0,
          0.07713066,
          0.90587705,
          -0.41645843,
          0,
          -0.16496852,
          0.42354077,
          0.8907293,
          0,
          -0.09716554,
          0.5956304,
          0.8043107,
          1
        ]
      },
      {
        "date" : 794727683.146,
        "title" : "Untitled",
        "transform" : [
          1,
          0,
          0,
          0,
          0,
          0.7071069,
          -0.70710677,
          0,
          0,
          0.70710677,
          0.7071069,
          0,
          0.1627762,
          0.93510604,
          0.83164376,
          1
        ]
      },
      {
        "date" : 794727459.052753,
        "title" : "Untitled",
        "transform" : [
          1,
          0,
          0,
          0,
          0,
          0.7071069,
          -0.70710677,
          0,
          0,
          0.70710677,
          0.7071069,
          0,
          0.02704701,
          0.9067501,
          0.85999984,
          1
        ]
      }
    ],
    "AF09ED6F-1707-48FD-8720-65B998362C09" : [
      {
        "date" : 793889954.758582,
        "title" : "Untitled",
        "transform" : [
          0.5167899,
          1.7692042e-08,
          -0.8561123,
          0,
          -0.43208155,
          0.8632937,
          -0.2608249,
          0,
          0.7390763,
          0.504702,
          0.44614145,
          0,
          55.596504,
          39.71018,
          41.261192,
          1
        ]
      },
      {
        "date" : 793889951.117166,
        "title" : "Untitled",
        "transform" : [
          0.51679003,
          4.1118362e-08,
          -0.85611224,
          0,
          -0.34895712,
          0.9131576,
          -0.21064709,
          0,
          0.7817654,
          0.40760675,
          0.47191077,
          0,
          24.78145,
          9.689732,
          13.520381,
          1
        ]
      },
      {
        "date" : 793889948.113694,
        "title" : "Untitled",
        "transform" : [
          0.51679003,
          4.1118362e-08,
          -0.85611224,
          0,
          -0.34895712,
          0.9131576,
          -0.21064709,
          0,
          0.7817654,
          0.40760675,
          0.47191077,
          0,
          29.75749,
          11.635398,
          16.23523,
          1
        ]
      },
      {
        "date" : 793889941.998414,
        "title" : "Untitled",
        "transform" : [
          0.5167902,
          4.1118376e-08,
          -0.85611254,
          0,
          -0.34895715,
          0.9131577,
          -0.21064712,
          0,
          0.7817654,
          0.40760675,
          0.47191077,
          0,
          0.5468103,
          0.21380676,
          0.29833123,
          1
        ]
      },
      {
        "date" : 793889913.137775,
        "title" : "Untitled",
        "transform" : [
          -0.5145283,
          5.8526773e-08,
          -0.8574735,
          0,
          0.8569511,
          0.034899652,
          -0.5142148,
          0,
          0.029925486,
          -0.99939084,
          -0.017956883,
          0,
          -0.044432163,
          -0.65705156,
          -0.005037546,
          1
        ]
      },
      {
        "date" : 793889911.638517,
        "title" : "Untitled",
        "transform" : [
          -0.51452816,
          -1.202891e-08,
          -0.85747343,
          0,
          0.85695094,
          0.034899678,
          -0.514215,
          0,
          0.029925399,
          -0.99939084,
          -0.017956957,
          0,
          -2.3130157,
          -5.85757,
          2.165403,
          1
        ]
      },
      {
        "date" : 793889905.363821,
        "title" : "Untitled",
        "transform" : [
          -0.15673998,
          3.0243956e-09,
          -0.98763996,
          0,
          0.68105876,
          0.7242076,
          -0.10808528,
          0,
          0.71525615,
          -0.68958205,
          -0.1135124,
          0,
          1.966755,
          -6.352191,
          0.3628798,
          1
        ]
      },
      {
        "date" : 793889889.135043,
        "title" : "Untitled",
        "transform" : [
          -0.8771394,
          3.781331e-09,
          -0.48023614,
          0,
          0.070027776,
          0.9893112,
          -0.12790443,
          0,
          0.47510284,
          -0.14581998,
          -0.8677638,
          0,
          3.083555,
          -4.102644,
          -4.2438364,
          1
        ]
      },
      {
        "date" : 793617485.092875,
        "title" : "Untitled",
        "transform" : [
          0.09711991,
          -6.1213234e-09,
          -0.99527276,
          0,
          -0.42862734,
          0.9025127,
          -0.04182618,
          0,
          0.89824617,
          0.43066314,
          0.08765184,
          0,
          0.9525294,
          -0.15194479,
          0.20539828,
          1
        ]
      },
      {
        "date" : 793617450.425841,
        "title" : "Untitled",
        "transform" : [
          -0.78702134,
          -6.0400858e-09,
          -0.6169259,
          0,
          -0.27966037,
          0.8913517,
          0.3567665,
          0,
          0.5498978,
          0.4533124,
          -0.7015128,
          0,
          0.772163,
          -0.13264212,
          -0.5170195,
          1
        ]
      }
    ]
  },
  "sceneViewportBackgroundColors" : {

  },
  "selectedSceneRelativePath" : "Sack.usda"
}