{
  "advancedEditorSelectedIdentifier" : "ProjectBrowser",
  "openSceneRelativePaths" : [
    "Immersive.usda"
  ],
  "recentIdentifiers" : {
    "AF09ED6F-1707-48FD-8720-65B998362C09" : [

    ]
  },
  "sceneCameraHistory" : {
    "AF09ED6F-1707-48FD-8720-65B998362C09" : [
      {
        "date" : 793617485.092875,
        "title" : "Untitled",
        "transform" : [
          0.09711991,
          -6.1213234e-09,
          -0.99527276,
          0,
          -0.42862734,
          0.9025127,
          -0.04182618,
          0,
          0.89824617,
          0.43066314,
          0.08765184,
          0,
          0.9525294,
          -0.15194479,
          0.20539828,
          1
        ]
      },
      {
        "date" : 793617450.425841,
        "title" : "Untitled",
        "transform" : [
          -0.78702134,
          -6.0400858e-09,
          -0.6169259,
          0,
          -0.27966037,
          0.8913517,
          0.3567665,
          0,
          0.5498978,
          0.4533124,
          -0.7015128,
          0,
          0.772163,
          -0.13264212,
          -0.5170195,
          1
        ]
      },
      {
        "date" : 793617440.942644,
        "title" : "Untitled",
        "transform" : [
          0.0006612511,
          -4.9057687e-09,
          -0.9999998,
          0,
          -0.52854884,
          0.8489029,
          -0.000349691,
          0,
          0.8489027,
          0.5285488,
          0.0005611752,
          0,
          0.8480811,
          -0.057782203,
          0.28930676,
          1
        ]
      },
      {
        "date" : 793617339.998139,
        "title" : "Untitled",
        "transform" : [
          0.49940094,
          -4.9152824e-09,
          -0.86637086,
          0,
          -0.5550766,
          0.7677983,
          -0.31996223,
          0,
          0.66519827,
          0.6406915,
          0.3834391,
          0,
          0.53078365,
          0.055100262,
          0.6392409,
          1
        ]
      },
      {
        "date" : 793617334.013097,
        "title" : "Untitled",
        "transform" : [
          0.90446174,
          -9.662933e-09,
          -0.42655468,
          0,
          -0.12225588,
          0.9580465,
          -0.2592305,
          0,
          0.40865937,
          0.28661275,
          0.86651635,
          0,
          0.13755262,
          -0.29651153,
          0.96859086,
          1
        ]
      },
      {
        "date" : 793617329.924921,
        "title" : "Untitled",
        "transform" : [
          0.99920887,
          -9.6913295e-09,
          0.03977001,
          0,
          0.011337999,
          0.9585024,
          -0.2848587,
          0,
          -0.038119428,
          0.28508413,
          0.9577441,
          0,
          -0.32570437,
          -0.29800284,
          0.9228273,
          1
        ]
      },
      {
        "date" : 793617324.791534,
        "title" : "Untitled",
        "transform" : [
          0.14732409,
          -9.369745e-09,
          -0.98908836,
          0,
          -0.6160425,
          0.78235036,
          -0.09175933,
          0,
          0.7738137,
          0.6228386,
          0.11525883,
          0,
          2.4585373,
          1.2829454,
          1.335449,
          1
        ]
      },
      {
        "date" : 793617002.841885,
        "title" : "Untitled",
        "transform" : [
          0.32356885,
          -1.1843738e-08,
          -0.94620466,
          0,
          -0.49240476,
          0.8539227,
          -0.16838537,
          0,
          0.8079858,
          0.52039975,
          0.27630258,
          0,
          2.367847,
          0.9412002,
          1.8229003,
          1
        ]
      },
      {
        "date" : 793616873.879068,
        "title" : "Untitled",
        "transform" : [
          -0.36787024,
          -1.5863229e-08,
          -0.9298772,
          0,
          -0.6888997,
          0.6716703,
          0.27253655,
          0,
          0.62457097,
          0.74085003,
          -0.24708779,
          0,
          3.255549,
          1.7940676,
          -0.2396853,
          1
        ]
      },
      {
        "date" : 793616830.295902,
        "title" : "Untitled",
        "transform" : [
          0.060998395,
          -1.33192115e-08,
          -0.99813795,
          0,
          -0.5896439,
          0.8068591,
          -0.036034573,
          0,
          0.80535674,
          0.59074384,
          0.049216878,
          0,
          3.0500965,
          1.3909671,
          0.66599506,
          1
        ]
      }
    ]
  },
  "sceneViewportBackgroundColors" : {

  }
}